[[  5.76665402 122.10671992]
 [  6.05921438 121.60728678]
 [  6.06671451 124.79805177]
 [  6.27418788 123.96676447]
 [  5.99771928 125.78876257]
 [  6.11593852 127.60809044]
 [  6.03456643 124.24413806]
 [  5.95245441 127.40271027]
 [  6.17966803 124.52722624]
 [  6.0381331  125.25091908]
 [  6.15402109 120.5988074 ]
 [  5.87573728 124.40390809]
 [  6.2572839  124.43178651]
 [  5.69730923 124.69306149]
 [  5.97069843 126.97514016]
 [  5.58072382 121.53993926]
 [  5.83102566 124.28246495]
 [  5.91371024 126.49111177]
 [  5.83818415 122.47839282]
 [  5.86481078 121.64141858]
 [  5.89449959 123.53929211]
 [  5.78173882 122.61976708]
 [  5.99852064 128.93711052]
 [  5.88283894 122.37314257]
 [  6.06646141 126.36510939]
 [  5.75894826 127.68802488]
 [  5.97719965 126.53322406]
 [  5.87974751 127.736692  ]
 [  5.90020708 126.80792336]
 [  5.94527051 125.44423567]
 [  6.17397872 126.498058  ]
 [  6.10766529 128.77507613]
 [  5.98982769 123.99445625]
 [  5.69313318 123.58660642]
 [  5.92745085 130.85839408]
 [  5.95034942 121.33419496]
 [  6.08384121 126.56200175]
 [  5.64675305 120.97144346]
 [  5.87907267 127.8704279 ]
 [  5.95222706 124.228752  ]
 [  5.89500653 126.96578201]
 [  5.81819168 123.45138724]
 [  5.8418708  129.10405297]
 [  6.31356118 126.02256771]
 [  6.0676504  124.25561065]
 [  5.90811485 123.74990861]
 [  5.91157773 123.18146409]
 [  5.8280585  120.85218377]
 [  5.78298188 124.57408036]
 [  6.00103846 124.85073145]
 [  5.85588042 122.82096677]
 [  5.96524742 126.65679552]
 [  6.02401359 124.92404549]
 [  5.96188198 125.56726969]
 [  5.90397589 122.48980281]
 [  5.91624647 121.97361404]
 [  5.80150425 122.96829226]
 [  5.93838746 119.89269913]
 [  6.00360075 123.64235999]
 [  6.03176107 125.78385483]
 [  5.78536708 128.93946082]
 [  6.16021135 123.88647822]
 [  5.98126708 123.05661406]
 [  5.90492832 126.69200779]
 [  5.92053421 125.45487557]
 [  5.78650072 122.70292003]
 [  5.61717025 125.12120677]
 [  5.83530288 121.85882804]
 [  5.74111331 124.45545958]
 [  6.07871603 123.08224778]
 [  5.87893091 124.26873302]
 [  5.89371769 124.25826537]
 [  6.03616098 123.14760689]
 [  5.94820313 127.79881568]
 [  5.84206771 122.66558293]
 [  5.9368     129.99292743]
 [  6.19898656 130.09148186]
 [  6.13732229 129.55188775]
 [  5.83327553 126.61385309]
 [  6.12372274 130.28475086]]